0 5 -14 214 257
0_0 13 6 198 158
0_0_0 42 32 142 52
0_0_1 40 128 135 36
0_0_2 148 19 50 65
0_0_3 148 19 50 65
0_0_4 148 19 50 65
0_0_5 148 19 50 65
0_0_6 148 19 50 65
0_0_7 13 6 198 61
0_0_8 153 53 20 54
0_0_9 45 64 146 70
0_0_10 53 30 29 29
0_1 5 141 214 102
0_1_0 44 195 134 48
0_1_1 122 155 50 70
0_1_2 147 148 52 77
0_1_3 88 160 48 65
0_1_4 67 180 73 45
0_1_5 5 187 214 38
0_1_6 67 141 57 84
0_1_7 144 161 50 64
0_1_8 123 147 73 78
0_1_9 31 150 36 75
0_1_10 157 144 50 81
0_1_11 44 172 127 53
0_2 29 133 167 96
0_2_0 41 133 60 60
0_2_1 60 143 120 86
0_2_2 91 149 43 63
0_2_3 67 135 108 67
0_2_4 44 135 137 62
0_2_5 74 151 72 74
0_2_6 62 151 100 44
0_2_7 69 152 87 46
0_2_8 84 151 51 24
0_2_9 88 149 56 50
0_2_10 65 146 72 64
0_2_11 90 158 44 41
0_2_12 82 154 60 49
0_2_13 55 157 114 66
0_2_14 31 151 165 74
0_2_15 84 155 56 24
0_2_16 77 159 63 54
0_2_17 29 154 166 71
0_2_18 62 157 104 69
0_2_19 75 150 62 76
0_3 7 -14 203 240
0_3_0 25 0 169 75
0_3_1 146 66 27 22
0_3_2 42 18 54 77
0_3_3 18 25 188 149
0_3_4 21 71 57 57
0_3_5 10 26 200 85
0_3_6 29 26 163 74
0_3_7 36 24 149 152
0_3_8 75 18 77 29
0_3_9 59 11 38 39
0_3_10 32 18 157 105
0_3_11 27 0 164 80
0_3_12 59 18 100 57
0_3_13 44 -14 68 64
0_3_14 47 11 127 214
0_3_15 34 10 152 63
0_3_16 43 11 69 42
0_3_17 27 21 171 145
0_3_18 41 0 133 62
0_3_19 36 11 151 215
0_3_20 55 24 110 133
0_3_21 25 14 172 129
0_3_22 7 0 120 76
0_3_23 22 30 177 78
0_3_24 143 56 29 119
0_4 38 14 169 212
0_4_0 38 45 140 181
0_4_1 126 72 81 61
0_4_2 119 73 62 64
0_4_3 61 36 102 85
0_4_4 70 100 30 125
0_4_5 61 88 102 41
0_4_6 62 81 100 39
0_4_7 65 82 93 45
0_4_8 72 104 80 18
0_4_9 81 104 61 17
0_4_10 117 14 68 113
0_5 25 141 174 86
0_5_0 26 141 172 86
0_5_0_0 33 167 159 58
0_5_0_1 30 141 167 84
0_5_0_2 26 153 172 72
0_5_0_3 27 149 166 76
0_5_0_4 33 158 159 67
0_5_0_5 30 146 164 81
0_5_0_6 32 146 158 79
0_5_0_7 35 147 155 78
0_5_0_8 33 147 157 78
0_5_0_9 32 148 157 77
0_5_0_10 34 150 156 75
0_5_0_11 38 178 148 47
0_5_0_12 58 169 108 56
0_5_1 25 142 174 84
0_5_1_0 38 172 150 53
0_5_1_1 55 170 113 55
0_5_1_2 45 163 134 62
0_5_1_3 25 167 174 58
0_5_1_4 55 156 113 69
0_5_1_5 33 153 155 72
0_5_1_6 40 146 140 80
0_5_1_7 41 148 139 77
0_5_1_8 38 167 143 58
0_5_1_9 42 142 136 83
0_5_1_10 53 145 117 80
0_5_1_11 57 149 106 76
0_5_1_12 56 197 113 28
1 -12 -10 244 397
1_0 26 -10 170 220
1_0_0 46 6 130 98
1_0_1 34 8 144 105
1_0_2 34 11 154 131
1_0_3 36 -1 148 133
1_0_4 48 13 127 94
1_0_5 28 4 155 139
1_0_6 39 14 131 181
1_0_7 36 -10 146 131
1_0_8 41 6 146 137
1_0_9 45 14 130 91
1_0_10 39 11 140 128
1_0_11 42 0 138 147
1_0_12 39 5 139 147
1_0_13 38 -1 148 121
1_0_14 27 -2 156 140
1_0_15 38 0 135 134
1_0_16 36 1 151 125
1_0_17 36 0 145 121
1_0_18 32 4 159 127
1_0_19 45 7 128 103
1_0_20 41 8 141 104
1_0_21 41 11 137 146
1_0_22 48 14 132 167
1_0_23 41 4 143 137
1_0_24 27 -6 157 159
1_0_25 34 5 151 152
1_0_26 39 9 141 146
1_0_27 40 8 141 147
1_0_28 27 4 169 155
1_0_29 38 9 148 147
1_0_30 26 13 149 197
1_1 17 5 179 216
1_1_0 37 8 136 213
1_1_1 36 13 155 148
1_1_2 47 10 127 147
1_1_3 39 8 141 146
1_1_4 39 14 133 197
1_1_5 35 5 149 157
1_1_6 48 14 121 147
1_1_7 41 15 134 161
1_1_8 36 14 154 154
1_1_9 23 13 173 183
1_1_10 17 12 173 159
1_1_11 34 6 140 157
1_1_12 40 8 139 165
1_1_13 35 16 157 162
1_1_14 33 12 157 180
1_1_15 35 16 146 151
1_1_16 25 13 156 207
1_2 1 3 222 384
1_2_0 50 10 161 337
1_2_1 8 12 194 305
1_2_2 11 4 184 303
1_2_3 13 5 179 276
1_2_4 13 12 198 250
1_2_5 14 11 182 275
1_2_6 13 14 187 262
1_2_7 14 11 183 291
1_2_8 7 10 209 377
1_2_9 27 12 152 231
1_2_10 12 3 191 256
1_2_11 25 13 166 255
1_2_12 32 12 164 250
1_2_13 21 14 170 259
1_2_14 15 13 181 212
1_2_15 12 15 204 210
1_2_16 1 11 222 214
1_2_17 19 7 181 218
1_2_18 19 8 181 218
1_3 -12 0 244 330
1_3_0 65 116 93 123
1_3_1 34 21 155 161
1_3_2 53 130 113 39
1_3_3 23 35 173 80
1_3_4 30 1 124 211
1_3_5 56 115 115 120
1_3_6 65 118 31 135
1_3_7 20 6 85 201
1_3_8 22 40 180 150
1_3_9 49 126 118 42
1_3_10 12 33 199 165
1_3_11 -12 29 244 301
1_3_12 129 138 79 128
1_3_13 50 136 46 66
1_3_14 2 3 109 289
1_3_15 26 0 197 157
1_3_16 38 0 61 65
1_3_17 50 113 120 112
1_3_18 26 115 172 100
1_3_19 137 16 70 200
1_3_20 34 116 110 108
1_3_21 63 138 110 94
1_3_22 1 85 222 140
2 58 57 128 119
2_0 59 57 98 34
2_0_0 65 66 87 14
2_0_1 71 57 77 13
2_0_2 66 72 88 8
2_0_3 65 60 89 22
2_0_4 65 65 89 17
2_0_5 61 64 94 14
2_0_6 63 65 92 6
2_0_7 76 62 68 9
2_0_8 61 66 94 12
2_0_9 67 76 85 5
2_0_10 65 77 91 7
2_0_11 64 68 89 12
2_0_12 67 67 83 14
2_0_13 59 73 98 16
2_0_14 65 72 90 19
2_1 65 82 92 34
2_1_0 68 84 86 31
2_1_1 67 84 90 31
2_1_2 69 85 86 30
2_1_3 65 82 92 34
2_1_4 67 91 88 19
2_1_5 71 92 80 20
2_1_6 68 90 87 24
2_1_7 75 90 72 22
2_1_8 71 99 80 13
2_1_9 71 96 80 11
2_1_10 70 98 81 15
2_1_11 74 97 74 12
2_2 95 122 45 26
2_2_0 104 129 18 5
2_2_1 99 127 29 11
2_2_2 99 128 31 5
2_2_3 108 126 20 8
2_2_4 102 128 23 7
2_2_5 104 129 20 7
2_2_6 104 129 20 7
2_2_7 103 125 21 19
2_2_8 95 122 45 17
2_2_9 100 129 29 12
2_2_10 100 129 29 19
2_2_11 102 124 23 9
2_2_12 103 124 22 18
2_2_13 102 126 23 12
2_2_14 102 128 24 7
2_2_15 105 127 17 5
2_2_16 106 128 14 3
2_2_17 100 128 29 5
2_2_18 106 129 14 6
2_2_19 106 129 14 6
2_2_20 109 129 9 7
2_2_21 103 128 24 8
2_2_22 103 128 24 8
2_2_23 109 129 8 7
2_2_24 105 125 18 15
2_2_25 104 125 25 11
2_2_26 99 129 30 5
2_3 58 61 128 115
2_3_0 67 71 89 72
2_3_1 62 61 124 110
2_3_2 62 62 101 114
2_3_3 126 116 23 21
2_3_4 100 106 24 13
2_3_5 130 121 20 21
2_3_6 80 65 11 66
2_3_7 63 95 98 36
2_3_8 84 122 24 19
2_3_9 70 105 84 31
2_3_10 58 88 102 62
2_3_11 76 117 70 9
2_3_12 76 115 73 11
3 35 18 155 256
3_0 35 162 155 63
3_1 38 18 148 256
4 0 18 224 234
4_0 1 40 222 185
4_1 1 89 223 136
4_2 0 62 223 166
4_3 10 75 80 124
4_4 0 58 89 167
4_5 1 100 222 152
4_6 6 18 204 207
